> summary(X)
      aapl                 adbe                 adp                  amd                  dell                 gtw                   hp                  ibm            
 Min.   :-0.0818192   Min.   :-0.1534027   Min.   :-0.1167884   Min.   :-0.1700677   Min.   :-0.0551476   Min.   :-0.1247975   Min.   :-8.990e-02   Min.   :-4.633e-02  
 1st Qu.:-0.0064979   1st Qu.:-0.0068464   1st Qu.:-0.0038135   1st Qu.:-0.0090265   1st Qu.:-0.0048833   1st Qu.:-0.0097356   1st Qu.:-5.467e-03   1st Qu.:-3.876e-03  
 Median : 0.0003734   Median : 0.0001198   Median :-0.0002223   Median : 0.0011566   Median : 0.0000000   Median :-0.0009748   Median : 0.000e+00   Median :-4.874e-05  
 Mean   : 0.0007851   Mean   : 0.0001587   Mean   :-0.0001044   Mean   : 0.0002614   Mean   : 0.0001859   Mean   :-0.0006670   Mean   :-1.905e-05   Mean   :-1.083e-05  
 3rd Qu.: 0.0073080   3rd Qu.: 0.0071744   3rd Qu.: 0.0035902   3rd Qu.: 0.0095388   3rd Qu.: 0.0047679   3rd Qu.: 0.0078485   3rd Qu.: 5.356e-03   3rd Qu.: 3.502e-03  
 Max.   : 0.0536823   Max.   : 0.0933305   Max.   : 0.0308094   Max.   : 0.1008403   Max.   : 0.0601986   Max.   : 0.0885464   Max.   : 6.925e-02   Max.   : 4.931e-02 

       msft                 orcl                 sunw                 yhoo
 Min.   :-3.909e-02   Min.   :-0.1026623   Min.   :-0.1350391   Min.   :-0.0901766
 1st Qu.:-4.031e-03   1st Qu.:-0.0071858   1st Qu.:-0.0094747   1st Qu.:-0.0073752
 Median : 0.000e+00   Median : 0.0000000   Median :-0.0008186   Median : 0.0000000
 Mean   : 6.475e-05   Mean   :-0.0002665   Mean   :-0.0006241   Mean   : 0.0003538
 3rd Qu.: 4.030e-03   3rd Qu.: 0.0062171   3rd Qu.: 0.0079878   3rd Qu.: 0.0083149
 Max.   : 4.578e-02   Max.   : 0.0839575   Max.   : 0.1130310   Max.   : 0.0897140

 > cor(X)
           aapl      adbe       adp       amd      dell       gtw        hp       ibm      msft      orcl      sunw      yhoo
aapl 1.0000000 0.3869461 0.2848743 0.4483803 0.5144503 0.3544842 0.4309742 0.4295968 0.4791091 0.4072944 0.4248089 0.4215203
adbe 0.3869461 1.0000000 0.3051113 0.3822526 0.4861651 0.2663637 0.4247397 0.4507174 0.5258499 0.4533506 0.4055758 0.4974036
adp  0.2848743 0.3051113 1.0000000 0.3103777 0.3159181 0.1951286 0.3423396 0.3873276 0.3655362 0.3189553 0.2731057 0.3221402
amd  0.4483803 0.3822526 0.3103777 1.0000000 0.4701407 0.3472881 0.4287219 0.4453227 0.4570886 0.3848265 0.4396397 0.4217233
dell 0.5144503 0.4861651 0.3159181 0.4701407 1.0000000 0.3680791 0.5277927 0.5319915 0.6195122 0.5099950 0.5113994 0.4987325
gtw  0.3544842 0.2663637 0.1951286 0.3472881 0.3680791 1.0000000 0.3798141 0.2823761 0.3753592 0.2835692 0.3685897 0.2791289
hp   0.4309742 0.4247397 0.3423396 0.4287219 0.5277927 0.3798141 1.0000000 0.4771577 0.4935965 0.4457520 0.4721232 0.4222048
ibm  0.4295968 0.4507174 0.3873276 0.4453227 0.5319915 0.2823761 0.4771577 1.0000000 0.6029168 0.5391032 0.4715291 0.4405819
msft 0.4791091 0.5258499 0.3655362 0.4570886 0.6195122 0.3753592 0.4935965 0.6029168 1.0000000 0.5869112 0.4549523 0.4934236
orcl 0.4072944 0.4533506 0.3189553 0.3848265 0.5099950 0.2835692 0.4457520 0.5391032 0.5869112 1.0000000 0.5169139 0.4689866
sunw 0.4248089 0.4055758 0.2731057 0.4396397 0.5113994 0.3685897 0.4721232 0.4715291 0.4549523 0.5169139 1.0000000 0.4135907
yhoo 0.4215203 0.4974036 0.3221402 0.4217233 0.4987325 0.2791289 0.4222048 0.4405819 0.4934236 0.4689866 0.4135907 1.0000000

> cov(X)
             aapl         adbe          adp          amd         dell          gtw           hp          ibm         msft         orcl         sunw         yhoo
aapl 1.602972e-04 7.261495e-05 2.911049e-05 1.083805e-04 7.088990e-05 8.390727e-05 6.558035e-05 4.355035e-05 5.314971e-05 7.281651e-05 9.477767e-05 9.039319e-05
adbe 7.261495e-05 2.196976e-04 3.650095e-05 1.081695e-04 7.842859e-05 7.381208e-05 7.566500e-05 5.349149e-05 6.829328e-05 9.488668e-05 1.059337e-04 1.248751e-04
adp  2.911049e-05 3.650095e-05 6.514283e-05 4.782619e-05 2.775145e-05 2.944381e-05 3.320855e-05 2.503108e-05 2.585040e-05 3.635144e-05 3.884307e-05 4.403850e-05
amd  1.083805e-04 1.081695e-04 4.782619e-05 3.644885e-04 9.768945e-05 1.239572e-04 9.837326e-05 6.807450e-05 7.646203e-05 1.037446e-04 1.479069e-04 1.363715e-04
dell 7.088990e-05 7.842859e-05 2.775145e-05 9.768945e-05 1.184557e-04 7.489606e-05 6.904001e-05 4.636074e-05 5.907876e-05 7.837947e-05 9.808163e-05 9.193902e-05
gtw  8.390727e-05 7.381208e-05 2.944381e-05 1.239572e-04 7.489606e-05 3.495261e-04 8.534350e-05 4.227032e-05 6.148801e-05 7.486131e-05 1.214318e-04 8.838912e-05
hp   6.558035e-05 7.566500e-05 3.320855e-05 9.837326e-05 6.904001e-05 8.534350e-05 1.444505e-04 4.591866e-05 5.197987e-05 7.565041e-05 9.999179e-05 8.594824e-05
ibm  4.355035e-05 5.349149e-05 2.503108e-05 6.807450e-05 4.636074e-05 4.227032e-05 4.591866e-05 6.411143e-05 4.229886e-05 6.095342e-05 6.653126e-05 5.975147e-05
msft 5.314971e-05 6.829328e-05 2.585040e-05 7.646203e-05 5.907876e-05 6.148801e-05 5.197987e-05 4.229886e-05 7.677275e-05 7.261635e-05 7.024557e-05 7.322809e-05
orcl 7.281651e-05 9.488668e-05 3.635144e-05 1.037446e-04 7.837947e-05 7.486131e-05 7.565041e-05 6.095342e-05 7.261635e-05 1.993962e-04 1.286252e-04 1.121691e-04
sunw 9.477767e-05 1.059337e-04 3.884307e-05 1.479069e-04 9.808163e-05 1.214318e-04 9.999179e-05 6.653126e-05 7.024557e-05 1.286252e-04 3.105267e-04 1.234453e-04
yhoo 9.039319e-05 1.248751e-04 4.403850e-05 1.363715e-04 9.193902e-05 8.838912e-05 8.594824e-05 5.975147e-05 7.322809e-05 1.121691e-04 1.234453e-04 2.868855e-04

> summary(pca_corr)
Importance of components:
                          Comp.1    Comp.2     Comp.3     Comp.4     Comp.5     Comp.6     Comp.7    Comp.8     Comp.9    Comp.10    Comp.11    Comp.12
Standard deviation     2.3900838 0.9403068 0.87838163 0.81283372 0.79357367 0.76007176 0.74009985 0.7341591 0.70243223 0.65936675 0.65072930 0.57029807
Proportion of Variance 0.4760417 0.0736814 0.06429619 0.05505822 0.05247993 0.04814242 0.04564565 0.0449158 0.04111759 0.03623038 0.03528738 0.02710332
Cumulative Proportion  0.4760417 0.5497231 0.61401931 0.66907753 0.72155746 0.76969988 0.81534553 0.8602613 0.90137892 0.93760929 0.97289668 1.00000000

> cat(eig_corr)
5.712501 0.8841768 0.7715543 0.6606987 0.6297592 0.5777091 0.5477478 0.5389896 0.493411 0.4347645 0.4234486 0.3252399

> summary(pca_cov)
Importance of components:
                           Comp.1     Comp.2     Comp.3     Comp.4     Comp.5     Comp.6     Comp.7      Comp.8     Comp.9     Comp.10     Comp.11     Comp.12
Standard deviation     0.03341848 0.01621429 0.01441421 0.01334201 0.01126649 0.01051915 0.01001081 0.009144193 0.00753348 0.007262098 0.005934692 0.005124735
Proportion of Variance 0.47364549 0.11150029 0.08811744 0.07549581 0.05383404 0.04692902 0.04250288 0.035462619 0.02406973 0.022366819 0.014937449 0.011138403
Cumulative Proportion  0.47364549 0.58514579 0.67326323 0.74875904 0.80259307 0.84952210 0.89202498 0.927487597 0.95155733 0.973924148 0.988861597 1.000000000

> cat(eig_cov)
0.001116795 0.0002629033 0.0002077695 0.0001780093 0.0001269337 0.0001106526 0.0001002163 8.361627e-05 5.675331e-05 5.273807e-05 3.522057e-05 2.626291e-05

> pca_corr$loadings

Loadings:
     Comp.1 Comp.2 Comp.3 Comp.4 Comp.5 Comp.6 Comp.7 Comp.8 Comp.9 Comp.10 Comp.11 Comp.12
aapl  0.283  0.216         0.367  0.364  0.505  0.248  0.419  0.210  0.241   0.104
adbe  0.285 -0.227 -0.250  0.313 -0.463 -0.119        -0.200  0.641  0.111          -0.116
adp   0.215 -0.442  0.818                              0.212  0.101         -0.116
amd   0.280  0.180  0.170  0.364  0.486 -0.362 -0.399 -0.382         0.125  -0.199
dell  0.327        -0.146                0.219  0.155 -0.107        -0.692  -0.341  -0.422
gtw   0.220  0.706  0.274 -0.114 -0.501        -0.281                               -0.123
hp    0.298  0.121  0.124 -0.153        -0.112  0.711 -0.421 -0.243  0.306
ibm   0.311 -0.223        -0.285  0.181  0.209 -0.219 -0.258                 0.725  -0.231
msft  0.332 -0.107 -0.112 -0.110 -0.110  0.368 -0.243 -0.172                -0.202   0.750
orcl  0.304 -0.188 -0.259 -0.406               -0.206  0.280 -0.116  0.489  -0.414  -0.309
sunw  0.293  0.178 -0.136 -0.362  0.225 -0.525  0.139  0.346  0.310 -0.281   0.150   0.266
yhoo  0.289 -0.173 -0.170  0.457 -0.238 -0.280         0.324 -0.591          0.226

               Comp.1 Comp.2 Comp.3 Comp.4 Comp.5 Comp.6 Comp.7 Comp.8 Comp.9 Comp.10 Comp.11 Comp.12
SS loadings     1.000  1.000  1.000  1.000  1.000  1.000  1.000  1.000  1.000   1.000   1.000   1.000
Proportion Var  0.083  0.083  0.083  0.083  0.083  0.083  0.083  0.083  0.083   0.083   0.083   0.083
Cumulative Var  0.083  0.167  0.250  0.333  0.417  0.500  0.583  0.667  0.750   0.833   0.917   1.000

> pca_cov$loadings

Loadings:
     Comp.1 Comp.2 Comp.3 Comp.4 Comp.5 Comp.6 Comp.7 Comp.8 Comp.9 Comp.10 Comp.11 Comp.12
aapl  0.250                              0.367  0.746  0.422  0.241
adbe  0.296  0.234 -0.198  0.254  0.602 -0.596         0.134  0.111
adp   0.108                                           -0.151        -0.916   0.332
amd   0.420         0.887                      -0.159
dell  0.240                       0.101  0.144  0.157 -0.114 -0.809  0.202   0.392   0.135
gtw   0.335 -0.892 -0.155  0.212               -0.123
hp    0.245                       0.145  0.157  0.195 -0.841  0.325  0.195
ibm   0.160                              0.121               -0.172 -0.229  -0.651   0.658
msft  0.190                       0.148  0.143               -0.298         -0.525  -0.733
orcl  0.295  0.180 -0.228 -0.139  0.194  0.545 -0.575  0.220  0.217  0.123   0.178
sunw  0.392        -0.222 -0.762 -0.297 -0.338
yhoo  0.360  0.322 -0.194  0.533 -0.661

               Comp.1 Comp.2 Comp.3 Comp.4 Comp.5 Comp.6 Comp.7 Comp.8 Comp.9 Comp.10 Comp.11 Comp.12
SS loadings     1.000  1.000  1.000  1.000  1.000  1.000  1.000  1.000  1.000   1.000   1.000   1.000
Proportion Var  0.083  0.083  0.083  0.083  0.083  0.083  0.083  0.083  0.083   0.083   0.083   0.083
Cumulative Var  0.083  0.167  0.250  0.333  0.417  0.500  0.583  0.667  0.750   0.833   0.917   1.000
